1 / 1438524209.38 0
2 /2.jpg 1438524209.72 0
3 /3.jpg 1438524209.72 1
4 /4.jpg 1438524209.72 2
5 /5.jpg 1438524209.72 3
6 /6.jpg 1438524209.72 4
7 /7.jpg 1438524209.72 5
8 /9.jpg 1438524209.99 2
9 /10.jpg 1438524210.08 1
10 /11.jpg 1438524210.08 2
11 /12.jpg 1438524210.09 3
12 /13.jpg 1438524210.14 4
13 /15.jpg 1438524210.17 5
14 /17.jpg 1438524210.33 2
15 /16.jpg 1438524210.35 3
16 /18.jpg 1438524210.4 3
17 /19.jpg 1438524210.42 4
18 /20.jpg 1438524210.51 3
19 /14.jpg 1438524210.59 1
20 /1.jpg 1438524210.65 2
21 /8.jpg 1438524210.66 3
