1 / 1438261267.95 0
2 /2.jpg 1438261268.29 0
3 /3.jpg 1438261268.29 1
4 /4.jpg 1438261268.29 2
5 /5.jpg 1438261268.29 3
6 /6.jpg 1438261268.29 4
7 /7.jpg 1438261268.29 5
8 /9.jpg 1438261268.57 1
9 /10.jpg 1438261268.61 2
10 /11.jpg 1438261268.63 3
11 /12.jpg 1438261268.64 4
12 /13.jpg 1438261268.65 5
13 /15.jpg 1438261268.77 4
14 /16.jpg 1438261268.89 2
15 /17.jpg 1438261268.9 3
16 /18.jpg 1438261268.93 4
17 /19.jpg 1438261268.95 5
18 /20.jpg 1438261269.1 2
19 /1.jpg 1438261269.12 2
20 /8.jpg 1438261269.19 2
21 /14.jpg 1438261269.21 3
22 /favicon.ico 1438261269.56 0
