1 / 1438261400.74 0
2 /12.jpg 1438261401.09 0
3 /14.jpg 1438261401.09 1
4 /16.jpg 1438261401.09 2
5 /18.jpg 1438261401.09 3
6 /19.jpg 1438261401.09 4
7 /2.jpg 1438261401.09 5
8 /13.jpg 1438261401.38 1
9 /favicon.ico 1438261401.38 2
10 /10.jpg 1438261401.42 3
11 /8.jpg 1438261401.43 4
12 /6.jpg 1438261401.58 4
13 /7.jpg 1438261401.6 4
14 /4.jpg 1438261401.74 1
15 /3.jpg 1438261401.75 2
16 /1.jpg 1438261401.84 2
17 /20.jpg 1438261401.84 3
18 /5.jpg 1438261401.86 4
19 /15.jpg 1438261401.9 5
20 /11.jpg 1438261402.08 4
21 /17.jpg 1438261402.16 2
22 /9.jpg 1438261402.2 2
